
YOLOv8-m class network at 640x640: 83 conv layers, 42.8 GMAC (85.6 GFLOP; published YOLOv8m@640: 78.9 GFLOP), weights 34.0 MB INT8 (published 25.9 M params)
target: 64 cores x 32x32, 2.0 GHz, M_CHUNK=512, NoC 2048 B/cycle; double-buffered weights=yes, local accumulator=yes, window buffer=yes
layer                      M      K     N    GMAC  items  compute   bw-cyc   cycles   util
b0.conv               102400     27    48   0.133    400     3648    10927    10927  18.5%
b1.conv                25600    432    96   1.062   2100    16960    13013    16960  95.5%
b2.c2f.cv1             25600     96    96   0.236    450     4160     8625     8625  41.7%
b2.c2f.m0.cv1          25600    432    48   0.531   1400    11328     4107    11328  71.5%
b2.c2f.m0.cv2          25600    432    48   0.531   1400    11328     4107    11328  71.5%
b2.c2f.m1.cv1          25600    432    48   0.531   1400    11328     4107    11328  71.5%
b2.c2f.m1.cv2          25600    432    48   0.531   1400    11328     4107    11328  71.5%
b2.c2f.cv2             25600    192    96   0.472    900     7744    12450    12450  57.8%
b3.conv                 6400    864   192   1.062   2106    16448    10653    16448  98.5%
b4.c2f.cv1              6400    192   192   0.236    468     3904     6234     6234  57.7%
b4.c2f.m0.cv1           6400    864    96   0.531   1053     8256     2627     8256  98.1%
b4.c2f.m0.cv2           6400    864    96   0.531   1053     8256     2627     8256  98.1%
b4.c2f.m1.cv1           6400    864    96   0.531   1053     8256     2627     8256  98.1%
b4.c2f.m1.cv2           6400    864    96   0.531   1053     8256     2627     8256  98.1%
b4.c2f.m2.cv1           6400    864    96   0.531   1053     8256     2627     8256  98.1%
b4.c2f.m2.cv2           6400    864    96   0.531   1053     8256     2627     8256  98.1%
b4.c2f.m3.cv1           6400    864    96   0.531   1053     8256     2627     8256  98.1%
b4.c2f.m3.cv2           6400    864    96   0.531   1053     8256     2627     8256  98.1%
b4.c2f.cv2              6400    576   192   0.708   1404    11072    13902    13902  77.7%
b5.conv                 1600   1728   384   1.062   2592    16320     9696    16320  99.3%
b6.c2f.cv1              1600    384   384   0.236    576     3712     5088     5088  70.8%
b6.c2f.m0.cv1           1600   1728   192   0.531   1296     8256     2148     8256  98.1%
b6.c2f.m0.cv2           1600   1728   192   0.531   1296     8256     2148     8256  98.1%
b6.c2f.m1.cv1           1600   1728   192   0.531   1296     8256     2148     8256  98.1%
b6.c2f.m1.cv2           1600   1728   192   0.531   1296     8256     2148     8256  98.1%
b6.c2f.m2.cv1           1600   1728   192   0.531   1296     8256     2148     8256  98.1%
b6.c2f.m2.cv2           1600   1728   192   0.531   1296     8256     2148     8256  98.1%
b6.c2f.m3.cv1           1600   1728   192   0.531   1296     8256     2148     8256  98.1%
b6.c2f.m3.cv2           1600   1728   192   0.531   1296     8256     2148     8256  98.1%
b6.c2f.cv2              1600   1152   384   0.708   1728    10880    12864    12864  84.0%
b7.conv                  400   3456   768   1.062   2592    16464     9096    16464  98.4%
b8.c2f.cv1               400    768   768   0.236    576     3664     4488     4488  80.2%
b8.c2f.m0.cv1            400   3456   384   0.531   1296     8464     1848     8464  95.7%
b8.c2f.m0.cv2            400   3456   384   0.531   1296     8464     1848     8464  95.7%
b8.c2f.m1.cv1            400   3456   384   0.531   1296     8464     1848     8464  95.7%
b8.c2f.m1.cv2            400   3456   384   0.531   1296     8464     1848     8464  95.7%
b8.c2f.cv2               400   1536   768   0.472   1152     7264     8376     8376  86.0%
b9.sppf.cv1              400    768   384   0.118    288     2064     2244     2244  80.2%
b9.sppf.cv2              400   1536   768   0.472   1152     7264     8376     8376  86.0%
h12.c2f.cv1             1600   1152   384   0.708   1728    10880    12864    12864  84.0%
h12.c2f.m0.cv1          1600   1728   192   0.531   1296     8256     2148     8256  98.1%
h12.c2f.m0.cv2          1600   1728   192   0.531   1296     8256     2148     8256  98.1%
h12.c2f.m1.cv1          1600   1728   192   0.531   1296     8256     2148     8256  98.1%
h12.c2f.m1.cv2          1600   1728   192   0.531   1296     8256     2148     8256  98.1%
h12.c2f.cv2             1600    768   384   0.472   1152     7296     8976     8976  80.2%
h15.c2f.cv1             6400    576   192   0.708   1404    11072    13902    13902  77.7%
h15.c2f.m0.cv1          6400    864    96   0.531   1053     8256     2627     8256  98.1%
h15.c2f.m0.cv2          6400    864    96   0.531   1053     8256     2627     8256  98.1%
h15.c2f.m1.cv1          6400    864    96   0.531   1053     8256     2627     8256  98.1%
h15.c2f.m1.cv2          6400    864    96   0.531   1053     8256     2627     8256  98.1%
h15.c2f.cv2             6400    384   192   0.472    936     7488    10068    10068  71.5%
h16.conv                1600   1728   192   0.531   1296     8256     4848     8256  98.1%
h18.c2f.cv1             1600    576   384   0.354    864     5696     7032     7032  76.8%
h18.c2f.m0.cv1          1600   1728   192   0.531   1296     8256     2148     8256  98.1%
h18.c2f.m0.cv2          1600   1728   192   0.531   1296     8256     2148     8256  98.1%
h18.c2f.m1.cv1          1600   1728   192   0.531   1296     8256     2148     8256  98.1%
h18.c2f.m1.cv2          1600   1728   192   0.531   1296     8256     2148     8256  98.1%
h18.c2f.cv2             1600    768   384   0.472   1152     7296     8976     8976  80.2%
h19.conv                 400   3456   384   0.531   1296     8464     4548     8464  95.7%
h21.c2f.cv1              400   1152   768   0.354    864     5664     6432     6432  84.0%
h21.c2f.m0.cv1           400   3456   384   0.531   1296     8464     1848     8464  95.7%
h21.c2f.m0.cv2           400   3456   384   0.531   1296     8464     1848     8464  95.7%
h21.c2f.m1.cv1           400   3456   384   0.531   1296     8464     1848     8464  95.7%
h21.c2f.m1.cv2           400   3456   384   0.531   1296     8464     1848     8464  95.7%
h21.c2f.cv2              400   1536   768   0.472   1152     7264     8376     8376  86.0%
det.p3.cv2.0            6400   1728    64   0.708   1404    11072     2702    11072  97.5%
det.p3.cv2.1            6400    576    64   0.236    468     3904     1434     3904  92.2%
det.p3.cv2.2            6400     64    64   0.026     52      576     1226     1226  32.6%
det.p3.cv3.0            6400   1728   192   2.123   4212    32576     8106    32576  99.5%
det.p3.cv3.1            6400   1728   192   2.123   4212    32576     8106    32576  99.5%
det.p3.cv3.2            6400    192    80   0.098    234     2112     2898     2898  51.8%
det.p4.cv2.0            1600   3456    64   0.354    864     5696     1232     5696  94.8%
det.p4.cv2.1            1600    576    64   0.059    144     1088      372     1088  82.7%
det.p4.cv2.2            1600     64    64   0.007     16      576      308      576  17.4%
det.p4.cv3.0            1600   3456   192   1.062   2592    16320     3696    16320  99.3%
det.p4.cv3.1            1600   1728   192   0.531   1296     8256     2148     8256  98.1%
det.p4.cv3.2            1600    192    80   0.025     72      576      730      730  51.4%
det.p5.cv2.0             400   6912    64   0.177    432     2864      566     2864  94.3%
det.p5.cv2.1             400    576    64   0.015     36      464       93      464  48.5%
det.p5.cv2.2             400     64    64   0.002      4      464       77      464   5.4%
det.p5.cv3.0             400   6912   192   0.531   1296     8464     1698     8464  95.7%
det.p5.cv3.1             400   1728   192   0.133    324     2464      537     2464  82.2%
det.p5.cv3.2             400    192    80   0.006     18      464      183      464  20.2%
TOTAL                                        42.8  97344   685648   355270   729406  89.5%
latency 0.36 ms per frame at 2.0 GHz (2742 fps), network MAC utilization 89.5%, compute-bound; on-chip traffic 728 MB per frame
lowest-utilization layers: det.p5.cv2.2 (5%), det.p4.cv2.2 (17%), b0.conv (19%), det.p5.cv3.2 (20%)
