
YOLOv8-m class network at 640x640: 83 conv layers, 42.8 GMAC (85.6 GFLOP; published YOLOv8m@640: 78.9 GFLOP), weights 34.0 MB INT8 (published 25.9 M params)
target: 64 cores x 32x32, 2.0 GHz, M_CHUNK=2048, NoC 2048 B/cycle; double-buffered weights=no, local accumulator=no, window buffer=no
layer                      M      K     N    GMAC  items  compute   bw-cyc   cycles   util
b0.conv               102400     27    48   0.133    100     4224    21932    21932   9.2%
b1.conv                25600    432    96   1.062    546    17760   150864   150864  10.7%
b2.c2f.cv1             25600     96    96   0.236    117     4224    32459    32459  11.1%
b2.c2f.m0.cv1          25600    432    48   0.531    364    12544    78132    78132  10.4%
b2.c2f.m0.cv2          25600    432    48   0.531    364    12544    78132    78132  10.4%
b2.c2f.m1.cv1          25600    432    48   0.531    364    12544    78132    78132  10.4%
b2.c2f.m1.cv2          25600    432    48   0.531    364    12544    78132    78132  10.4%
b2.c2f.cv2             25600    192    96   0.472    234     8384    64917    64917  11.1%
b3.conv                 6400    864   192   1.062    648    16704   146124   146124  11.1%
b4.c2f.cv1              6400    192   192   0.236    144     4224    32472    32472  11.1%
b4.c2f.m0.cv1           6400    864    96   0.531    324     8384    73062    73062  11.1%
b4.c2f.m0.cv2           6400    864    96   0.531    324     8384    73062    73062  11.1%
b4.c2f.m1.cv1           6400    864    96   0.531    324     8384    73062    73062  11.1%
b4.c2f.m1.cv2           6400    864    96   0.531    324     8384    73062    73062  11.1%
b4.c2f.m2.cv1           6400    864    96   0.531    324     8384    73062    73062  11.1%
b4.c2f.m2.cv2           6400    864    96   0.531    324     8384    73062    73062  11.1%
b4.c2f.m3.cv1           6400    864    96   0.531    324     8384    73062    73062  11.1%
b4.c2f.m3.cv2           6400    864    96   0.531    324     8384    73062    73062  11.1%
b4.c2f.cv2              6400    576   192   0.708    432    12544    97416    97416  11.1%
b5.conv                 1600   1728   384   1.062    648    18016   146124   146124  11.1%
b6.c2f.cv1              1600    384   384   0.236    144     4960    32472    32472  11.1%
b6.c2f.m0.cv1           1600   1728   192   0.531    324     9856    73062    73062  11.1%
b6.c2f.m0.cv2           1600   1728   192   0.531    324     9856    73062    73062  11.1%
b6.c2f.m1.cv1           1600   1728   192   0.531    324     9856    73062    73062  11.1%
b6.c2f.m1.cv2           1600   1728   192   0.531    324     9856    73062    73062  11.1%
b6.c2f.m2.cv1           1600   1728   192   0.531    324     9856    73062    73062  11.1%
b6.c2f.m2.cv2           1600   1728   192   0.531    324     9856    73062    73062  11.1%
b6.c2f.m3.cv1           1600   1728   192   0.531    324     9856    73062    73062  11.1%
b6.c2f.m3.cv2           1600   1728   192   0.531    324     9856    73062    73062  11.1%
b6.c2f.cv2              1600   1152   384   0.708    432    11488    97416    97416  11.1%
b7.conv                  400   3456   768   1.062   2592    17776   147096   147096  11.0%
b8.c2f.cv1               400    768   768   0.236    576     3952    32688    32688  11.0%
b8.c2f.m0.cv1            400   3456   384   0.531   1296     9136    73548    73548  11.0%
b8.c2f.m0.cv2            400   3456   384   0.531   1296     9136    73548    73548  11.0%
b8.c2f.m1.cv1            400   3456   384   0.531   1296     9136    73548    73548  11.0%
b8.c2f.m1.cv2            400   3456   384   0.531   1296     9136    73548    73548  11.0%
b8.c2f.cv2               400   1536   768   0.472   1152     7840    65376    65376  11.0%
b9.sppf.cv1              400    768   384   0.118    288     2224    16344    16344  11.0%
b9.sppf.cv2              400   1536   768   0.472   1152     7840    65376    65376  11.0%
h12.c2f.cv1             1600   1152   384   0.708    432    11488    97416    97416  11.1%
h12.c2f.m0.cv1          1600   1728   192   0.531    324     9856    73062    73062  11.1%
h12.c2f.m0.cv2          1600   1728   192   0.531    324     9856    73062    73062  11.1%
h12.c2f.m1.cv1          1600   1728   192   0.531    324     9856    73062    73062  11.1%
h12.c2f.m1.cv2          1600   1728   192   0.531    324     9856    73062    73062  11.1%
h12.c2f.cv2             1600    768   384   0.472    288     8224    64944    64944  11.1%
h15.c2f.cv1             6400    576   192   0.708    432    12544    97416    97416  11.1%
h15.c2f.m0.cv1          6400    864    96   0.531    324     8384    73062    73062  11.1%
h15.c2f.m0.cv2          6400    864    96   0.531    324     8384    73062    73062  11.1%
h15.c2f.m1.cv1          6400    864    96   0.531    324     8384    73062    73062  11.1%
h15.c2f.m1.cv2          6400    864    96   0.531    324     8384    73062    73062  11.1%
h15.c2f.cv2             6400    384   192   0.472    288     8384    64944    64944  11.1%
h16.conv                1600   1728   192   0.531    324     9856    73062    73062  11.1%
h18.c2f.cv1             1600    576   384   0.354    216     6592    48708    48708  11.1%
h18.c2f.m0.cv1          1600   1728   192   0.531    324     9856    73062    73062  11.1%
h18.c2f.m0.cv2          1600   1728   192   0.531    324     9856    73062    73062  11.1%
h18.c2f.m1.cv1          1600   1728   192   0.531    324     9856    73062    73062  11.1%
h18.c2f.m1.cv2          1600   1728   192   0.531    324     9856    73062    73062  11.1%
h18.c2f.cv2             1600    768   384   0.472    288     8224    64944    64944  11.1%
h19.conv                 400   3456   384   0.531   1296     9136    73548    73548  11.0%
h21.c2f.cv1              400   1152   768   0.354    864     6112    49032    49032  11.0%
h21.c2f.m0.cv1           400   3456   384   0.531   1296     9136    73548    73548  11.0%
h21.c2f.m0.cv2           400   3456   384   0.531   1296     9136    73548    73548  11.0%
h21.c2f.m1.cv1           400   3456   384   0.531   1296     9136    73548    73548  11.0%
h21.c2f.m1.cv2           400   3456   384   0.531   1296     9136    73548    73548  11.0%
h21.c2f.cv2              400   1536   768   0.472   1152     7840    65376    65376  11.0%
det.p3.cv2.0            6400   1728    64   0.708    432    12544    97416    97416  11.1%
det.p3.cv2.1            6400    576    64   0.236    144     4224    32472    32472  11.1%
det.p3.cv2.2            6400     64    64   0.026     16     2144     3608     3608  11.1%
det.p3.cv3.0            6400   1728   192   2.123   1296    33344   292248   292248  11.1%
det.p3.cv3.1            6400   1728   192   2.123   1296    33344   292248   292248  11.1%
det.p3.cv3.2            6400    192    80   0.098     72     2144    13830    13830  10.8%
det.p4.cv2.0            1600   3456    64   0.354    216     6592    48708    48708  11.1%
det.p4.cv2.1            1600    576    64   0.059     36     1696     8118     8118  11.1%
det.p4.cv2.2            1600     64    64   0.007      4     1696      902     1696   5.9%
det.p4.cv3.0            1600   3456   192   1.062    648    18016   146124   146124  11.1%
det.p4.cv3.1            1600   1728   192   0.531    324     9856    73062    73062  11.1%
det.p4.cv3.2            1600    192    80   0.025     18     1696     3458     3458  10.8%
det.p5.cv2.0             400   6912    64   0.177    432     3088    24516    24516  11.0%
det.p5.cv2.1             400    576    64   0.015     36      496     2043     2043  11.0%
det.p5.cv2.2             400     64    64   0.002      4      496      227      496   5.0%
det.p5.cv3.0             400   6912   192   0.531   1296     9136    73548    73548  11.0%
det.p5.cv3.1             400   1728   192   0.133    324     2656    18387    18387  11.0%
det.p5.cv3.2             400    192    80   0.006     18      496      870      870  10.8%
TOTAL                                        42.8  42293   755792  5926899  5927962  11.0%
latency 2.96 ms per frame at 2.0 GHz (337 fps), network MAC utilization 11.0%, bandwidth-bound; on-chip traffic 12138 MB per frame
lowest-utilization layers: det.p5.cv2.2 (5%), det.p4.cv2.2 (6%), b0.conv (9%), b2.c2f.m0.cv1 (10%)
